185
105
192
156
100
116
127
104
102
164
191
196
105
174
174
156
117
170
193
141
118
130
109
129
185
149
149
155
129
164
146
164
110
189
115
175
191
185
154
112
160
116
157
176
160
157
160
180
101
193
108
152
144
197
187
106
188
190
171
163
141
159
144
162
107
113
154
108
140
138
116
199
198
118
159
177
181
152
190
154
123
187
190
186
198
114
138
186
196
147
118
114
104
134
141
174
134
167
118
111
101
190
194
191
199
110
121
109
110
138
165
136
123
175
167
187
151
121
171
158
149
162
147
173
174
118
110
154
120
103
193
124
101
171
169
108
186
179
106
169
182
179
100
158
147
157
127
168
146
150
114
161
116
194
183
172
145
147
102
101
123
180
189
124
118
143
187
111
122
198
121
196
174
113
134
173
169
186
189
194
175
121
187
112
192
169
174
127
194
102
150
156
133
198
103
159
119
119
127
126
116
156
